时段,上车人数,下车人数,净增加人数,地铁内人数（时段结束时）
00:00-00:09,24,24,0,0
00:10-00:19,15,15,0,0
00:20-00:29,2,30,-28,-28
00:30-00:39,1,2,-1,-29
00:40-00:49,4,7,-3,-32
00:50-00:59,2,4,-2,-34
01:00-01:09,0,0,0,-34
01:10-01:19,0,0,0,-34
01:20-01:29,0,0,0,-34
01:30-01:39,0,0,0,-34
01:40-01:49,0,0,0,-34
01:50-01:59,0,0,0,-34
02:00-02:09,0,0,0,-34
02:10-02:19,0,0,0,-34
02:20-02:29,0,0,0,-34
02:30-02:39,0,0,0,-34
02:40-02:49,0,0,0,-34
02:50-02:59,0,0,0,-34
03:00-03:09,0,0,0,-34
03:10-03:19,0,0,0,-34
03:20-03:29,0,0,0,-34
03:30-03:39,0,0,0,-34
03:40-03:49,0,0,0,-34
03:50-03:59,0,0,0,-34
04:00-04:09,4,4,0,-34
04:10-04:19,7,1,6,-28
04:20-04:29,7,2,5,-23
04:30-04:39,30,7,23,0
04:40-04:49,100,15,85,85
04:50-04:59,959,68,891,976
05:00-05:09,1364,100,1264,2240
05:10-05:19,2193,167,2026,4266
05:20-05:29,3264,476,2788,7054
05:30-05:39,4626,957,3669,10723
05:40-05:49,6293,1364,4929,15652
05:50-05:59,9144,1841,7303,22955
06:00-06:09,12710,3207,9503,32458
06:10-06:19,17617,4626,12991,45449
06:20-06:29,24883,6293,18590,64039
06:30-06:39,35821,9144,26677,90716
06:40-06:49,49371,12710,36661,127377
06:50-06:59,66324,19539,46785,174162
07:00-07:09,80234,28354,51880,226042
07:10-07:19,99494,37471,62023,288065
07:20-07:29,117143,49371,67772,355837
07:30-07:39,132826,66324,66502,422339
07:40-07:49,150181,79615,70566,492905
07:50-07:59,156542,96006,60536,553441
08:00-08:09,152502,131174,21328,574769
08:10-08:19,146843,146843,0,574769
08:20-08:29,131174,136690,-5516,569253
08:30-08:39,116646,152502,-35856,533397
08:40-08:49,104159,156542,-52383,481014
08:50-08:59,92891,150181,-57290,423724
09:00-09:09,81207,132826,-51619,372105
09:10-09:19,72830,127365,-54535,317570
09:20-09:29,62309,100153,-37844,279726
09:30-09:39,51926,89470,-37544,242182
09:40-09:49,43397,81207,-37810,204372
09:50-09:59,37471,67447,-29976,174396
10:00-10:09,33661,49584,-15923,158473
10:10-10:19,30869,43397,-12528,145945
10:20-10:29,29690,38117,-8427,137518
10:30-10:39,28016,34232,-6216,131302
10:40-10:49,26859,32192,-5333,125969
10:50-10:59,26048,30504,-4456,121513
11:00-11:09,25984,27934,-1950,119563
11:10-11:19,25924,27100,-1176,118387
11:20-11:29,25528,27098,-1570,116817
11:30-11:39,25690,26539,-849,115968
11:40-11:49,25524,26435,-911,115057
11:50-11:59,26086,25924,162,115219
12:00-12:09,26435,24883,1552,116771
12:10-12:19,27550,25690,1860,118631
12:20-12:29,26976,25524,1452,120083
12:30-12:39,26640,25786,854,120937
12:40-12:49,26865,26048,817,121754
12:50-12:59,26539,25984,555,122309
13:00-13:09,27272,26859,413,122722
13:10-13:19,27934,26976,958,123680
13:20-13:29,27722,27722,0,123680
13:30-13:39,27768,28271,-503,123177
13:40-13:49,27100,29690,-2590,120587
13:50-13:59,26865,27848,-983,119604
14:00-14:09,27848,26865,983,120587
14:10-14:19,28271,26865,1406,121993
14:20-14:29,27414,26640,774,122767
14:30-14:39,27098,27414,-316,122451
14:40-14:49,26871,27768,-897,121554
14:50-14:59,27176,27550,-374,121180
15:00-15:09,27488,26871,617,121797
15:10-15:19,29794,26086,3708,125505
15:20-15:29,29893,27272,2621,128126
15:30-15:39,30504,27488,3016,131142
15:40-15:49,32192,28016,4176,135318
15:50-15:59,31792,29839,1953,137271
16:00-16:09,34005,29893,4112,141383
16:10-16:19,37332,30844,6488,147871
16:20-16:29,37162,32192,4970,152841
16:30-16:39,40323,33936,6387,159228
16:40-16:49,46013,35769,10244,169472
16:50-16:59,48416,37162,11254,180726
17:00-17:09,65547,39730,25817,206543
17:10-17:19,96006,45700,50306,256849
17:20-17:29,84025,51926,32099,288948
17:30-17:39,89470,62309,27161,316109
17:40-17:49,127365,72830,54535,370644
17:50-17:59,109069,84025,25044,395688
18:00-18:09,100153,92891,7262,402950
18:10-18:19,136690,98446,38244,441194
18:20-18:29,125131,104159,20972,462166
18:30-18:39,98446,116646,-18200,443966
18:40-18:49,91407,125131,-33724,410242
18:50-18:59,79615,117143,-37528,372714
19:00-19:09,67899,109069,-41170,331544
19:10-19:19,67447,99494,-32047,299497
19:20-19:29,58627,91407,-32780,266717
19:30-19:39,49584,80234,-30650,236067
19:40-19:49,45700,67899,-22199,213868
19:50-19:59,39321,65547,-26226,187642
20:00-20:09,38117,58627,-20510,167132
20:10-20:19,39730,48416,-8686,158446
20:20-20:29,35769,46013,-10244,148202
20:30-20:39,34232,40323,-6091,142111
20:40-20:49,33936,39321,-5385,136726
20:50-20:59,30844,37332,-6488,130238
21:00-21:09,29839,35821,-5982,124256
21:10-21:19,32192,34005,-1813,122443
21:20-21:29,28354,33661,-5307,117136
21:30-21:39,25786,31792,-6006,111130
21:40-21:49,23616,30869,-7253,103877
21:50-21:59,19539,29794,-10255,93622
22:00-22:09,19541,27176,-7635,85987
22:10-22:19,18086,25528,-7442,78545
22:20-22:29,11646,23616,-11970,66575
22:30-22:39,7940,19541,-11601,54974
22:40-22:49,5663,18086,-12423,42551
22:50-22:59,3207,17617,-14410,28141
23:00-23:09,1841,11646,-9805,18336
23:10-23:19,957,7940,-6983,11353
23:20-23:29,476,5663,-5187,6166
23:30-23:39,167,3264,-3097,3069
23:40-23:49,68,2193,-2125,944
23:50-23:59,15,959,-944,0
